371 1
859 1
1323 3
1764 2
2229 2
2716 2
3157 3
3575 1
4040 3
4458 2
4852 3
5270 2
5688 2
6106 3
6524 3
6919 3
7360 3
7778 3
8196 3
8591 3
9009 1
9450 1
9845 1
10286 2
10681 3
11099 1
11517 1
11935 1
12353 2
12794 1
13235 3
13630 2
14048 1
14442 1
14883 1
15301 1
15743 1
16137 3
16555 2
16973 2
17391 2
17809 2
18227 2
18622 3
19063 1
19481 1
19876 1
20317 1
20712 1
21130 1
21571 1
21989 3
22384 2
22801 1
23219 1
23661 1
24079 2
24473 2
24915 1
25309 1
25704 3
26145 3
26540 1
26981 1
27399 1
27794 2
28235 3
28630 1
29048 2
29489 1
29884 3
30325 3
30720 3
31137 3
31555 3
31973 3
32391 3
32809 3
33227 3
33645 3
34063 3
34481 3
34899 1
35340 1
35758 2
36153 2
36594 1
36989 3
37407 1
37825 3
38243 1
38661 3
39079 1
39473 2
39915 3
40309 1
40751 2
41168 1
41586 3
41981 3
42422 1
42864 2
43258 3
43676 3
44094 3
44512 1
44930 1
45348 3
45766 2
46184 2
46602 1
47020 1
47415 1
47856 1
48251 1
48669 3
