417 1
766 2
1091 3
1439 3
1764 2
2113 1
2414 1
2786 3
3134 2
3459 1
3784 2
4109 3
4458 2
4806 2
5131 3
5479 3
5804 2
6130 3
6455 3
6780 2
7128 3
7453 3
7778 3
8103 3
8452 1
8800 1
9125 1
9450 1
9775 1
10100 1
10448 1
10774 3
11122 1
11447 3
11772 1
12097 1
12445 1
12794 1
13119 3
13444 2
13792 2
14117 1
14466 1
14791 1
15116 3
15464 1
15766 1
16114 3
16462 2
16788 2
17136 2
17461 2
17786 2
18134 2
18459 2
18784 2
19110 3
19458 3
19783 3
20108 3
20433 1
20781 1
21106 1
21455 1
21780 2
22105 3
22453 2
22801 1
23127 1
23475 1
23800 2
24125 3
24450 3
24798 1
25123 1
25472 1
25797 2
26122 3
26470 3
26772 2
27120 1
27445 1
27794 2
28119 3
28467 3
28792 1
29117 1
29466 1
29791 2
30116 2
30464 2
30789 3
31114 1
31463 2
31788 2
32113 2
32438 1
32809 1
33134 3
33459 3
33785 1
34133 3
34458 3
34806 1
35131 1
35456 3
35781 2
36130 2
36455 3
36780 3
37128 1
37477 1
37802 1
38127 1
38475 1
38800 1
39148 1
39473 2
39799 3
40124 1
40449 1
40797 1
41122 1
41470 3
41795 2
42121 2
42446 1
42771 3
43119 2
43444 2
43792 2
44141 3
44466 1
44814 1
45139 2
45464 3
45812 3
46138 2
46463 3
46788 1
47113 1
47438 1
47786 1
48134 1
48483 1
48796 3
